1.012220005 2420.4224258539525
2.029597661 1720.1085454151157
3.049560957 1715.7480145246325
4.068974224000001 1716.6737540605307
5.089777425 1714.3363170155262
6.109830091 1887.1574617305102
7.130210121 2229.561470347474
8.150176908 1715.7421421017311
9.170039169 1715.917989046954
10.190032480000001 1715.6975257850488
11.209882232 1715.939035694348
12.230129580000002 1715.2703248193102
13.249757487 2402.8373323053816
14.269548137000001 1716.0384829964855
15.290197399 1714.5948810767866
16.309641626 1716.6216195562406
17.329785719 2401.6215128934728
18.349847491000002 1715.5823774954679
19.369965212 1715.488285297614
20.38995114 1715.7099445787646
21.410055771 1715.5102984725102
22.429940036 2402.233355369984
23.449861834 1715.8178239073186
24.469982821000002 1715.4827930228632
25.490216571 1715.2931864879004
26.510082003 2402.2777153996135
27.52998157 1715.8552240075612
28.550007487000002 1715.642682047656
29.569976953 1715.7376356205548
30.590105886000003 2401.657203070428
31.609996017 1715.871099060571
32.630058592000005 1715.581026977683
33.650096694000005 1715.622187611184
34.669975182 2402.2469625812914
35.689598758 1716.3196705055395
36.709868351000004 1715.2329266760769
37.730143746 1715.223172661142
38.749663082000005 1716.4951543400643
39.770040556000005 2401.0722133993327
40.790340205 1715.18239932277
41.810105233 1716.0815991426603
42.830106404000006 1715.68430483694
43.849928789 2402.3791162418934
44.869764224 1715.9631249722165
45.889725217000006 1726.5366147193436
46.909539331000005 1715.99900018642
47.929870111 2401.1820950848896
48.951986606000006 1712.1336056708485
49.970948092 1717.4348825192005
50.990556153 1716.3457871092685
52.009862974 2403.5942363226864
53.030145693 1715.210860098866
54.050080773000005 1715.7954798456387
55.069158951000006 1717.2382235035946
56.090003307 1714.2672041182348
57.109951153000004 1715.7740043896324
58.129632087000005 1716.2231259293112
59.149295253000005 2402.7542444344804
60.169460482000005 1715.4083968490165
61.189478579 1715.6558350748553
62.209525951 1715.6065963571739
63.229685471 1715.4179965893961
64.249840499 2401.5957700107515
65.269870686 1715.6355001089785
66.289698129 1715.9765723229316
67.309734695 1715.624771043747
68.33021289700001 2400.8352115687817
69.34974275100001 1716.4774460836927
70.369826214 1715.545897443884
71.389615848 1716.0401926580084
72.409679548 2401.8107888752434
73.429865254 1715.3739654533051
74.449436012 1716.408582993119
75.469560243 1715.4773377792649
76.48943434200001 2402.2573005847066
77.50917595700001 1716.120999926045
78.529348325 1715.3963927005714
79.549810898 1714.908558434705
80.569282795 2553.2827414466724
81.589204005 1715.8188131022393
82.60931803000001 1715.4945007250537
83.62992583100001 1714.6645344914425
84.649929551 2401.9520242534018
85.669751597 1715.98565344213
86.689422451 1716.2400917266973
87.708632886 1717.015387504348
88.725844651 2408.5446947224405
89.74587483100001 1715.6355118825993
90.765634863 1716.0900065555816
91.785651312 1715.6586069917387
92.80585795 1715.3387704187824
93.825847648 2401.9850443626733
94.84590962600001 1715.5820310361573
95.865823202 1715.831655916697
96.88591504 1715.5318127346882
97.905979267 2401.8095480178035
98.925886386 1715.8425187931255
99.945795833 1715.8386022872087
100.96598935200001 1715.3608285174766
102.070616285 2534.792441096491
103.083464406 1727.8010036412952
104.102136156 1717.9233644203837
105.12202418700001 1715.8746321242002
106.142075061 1887.160777041793
107.16152847100001 2231.588003614603
108.18109371300001 1716.4178690195088
109.20127123600001 1715.3877247303358
110.221721247 1714.9296693966128
111.24118137900001 2403.23277301049
112.26175764000001 1714.7175246710938
113.281944916 1715.3713256074757
114.301023107 1717.2382015974279
115.321401949 1715.0492816667008
116.340802779 2403.372577203022
117.36122386900001 1714.978274312225
118.38106982000001 1715.9454310565773
119.401877146 1714.3293895208583
120.42163428600001 2402.532822667954
121.441897564 1715.243543245511
122.46164456700001 1716.111932520188
123.482079432 1725.7348414883882
124.501983327 2402.1871197972036
125.522401419 1714.9833129379676
126.54198847800001 1716.381141318507
127.562045252 1715.5907833812391
128.582087328 1715.6155036883008
129.60175087500002 1716.252390456398
130.621798477 1715.6062095227592
131.641963397 2401.572483005983
132.661704312 1716.122177955368
133.681567669 1715.9161450292208
134.701516384 1715.7725425439648
135.721388864 2402.261114056141
136.74154796800002 1715.4186961017406
137.761465483 1715.825029242683
138.78117584 1716.1736055604265
139.801534258 1715.0836109434636
140.821314788 1716.0555124542336
141.84119158800002 1715.893527531953
142.861253559 2401.814859932662
143.881568742 1715.156286172799
144.90120532400002 1716.2977779469275
145.921434905 1715.3001957507443
146.94125799600002 1715.9838950930362
147.961003862 1716.1138459569886
148.980579263 2402.9610734007892
150.001178323 1714.6792198691617
151.02137975000002 1715.3475320516286
152.041315179 1715.7948927372734
153.062285397 1714.0558746445238
154.08230428500002 1715.6545046252122
155.10163441400002 1888.4951452268904
156.121625982 2230.410594923663
157.14159103100002 1715.7450656919518
158.16177582400002 1715.3755006030558
159.181950325 1715.3928061175877
160.20123959100002 2403.6356329097257
161.22176034400002 1714.8107913097972
162.241546956 1716.0452779115321
163.26120902300002 1716.2548815302746
164.28092138800002 1716.1702261009652
165.301348589 1714.9680038762508
166.321305169 1887.3352432316283
167.341189417 2244.372343713264
168.361364573 1715.3917047554526
169.38162282500002 1715.2519928846407
170.401722252 1715.5190500856932
171.42170220100002 1715.7200018644678
172.44183029500002 1715.4708416451078
173.461896446 2401.8050178394756
174.481085393 1717.0515880800658
175.501663707 1714.7140753374856
176.521443577 1716.0566230827835
177.54209084500002 1714.5982308160158
178.561987773 2402.203529335466
179.58165493500002 1716.2463058705425
180.601000512 1716.7877503823217
181.62193919100002 1714.1088255311363
182.64221473100002 1715.222928896247
183.662226026 1715.667276017762
184.68232768000001 1715.5153049090143
185.702316649 1845.1179936241053
186.72263044800002 2230.6862871311614
187.742153782 1382.9992438407496
188.784621187 2014.451473425205
189.82640756100002 1679.8069581969787
190.84867414200002 1712.8604539601984
191.877015507 1701.7695286428545
192.90240779 2389.3294699195626
193.94434298800002 1681.4865294530534
194.966008383 1722.6775112609153
195.99040340000002 1722.968162388084
197.01154012700002 2422.79014610352
198.031850655 1717.124298848752
199.05062343600002 1717.7529991351428
200.07014230500002 1716.4959405964655
201.08980342 1887.8821322905892
202.11019530700003 2229.5355627420818
203.12988409300002 1716.2099103441547
204.21679331 1610.0700708291076
205.229069011 1728.7780377136603
206.24972897100002 1714.5769096301178
207.270034951 1715.1717566136385
208.289898713 1720.8180792288997
209.31041830400002 2417.3960223366257
210.34969196300003 1683.8683294291018
211.39178203900002 1679.31740288447
212.426373989 1691.4881272756859
213.46745158200002 1680.9505955815916
214.505111064 1686.4877451194534
215.54640673600002 1848.6584087137162
216.586421223 2190.354104173166
217.622169649 1690.564963503985
218.66156448100003 1683.672023491454
219.702415929 2017.5789773220358
220.742402432 1682.7141457623318
221.78153638700002 1693.718111636531
222.82191709900002 2373.1697171256283
223.84242706900002 1715.808812725269
224.890373041 1669.933419048439
225.931513122 1680.8497069089399
226.97151675600003 1682.686427997616
227.99677302700002 1732.249828882051
229.03712831 2401.1028163347155
230.060639621 1713.7084672628498
231.08641076100002 1707.0084463479836
232.10837405200002 1714.347291560397
233.14941302000003 2353.418147936226
234.17146808200002 1712.2365174489983
235.20244701200002 1697.4158725047853
236.22786071500002 1706.6282563614227
237.26240913900003 1692.5258976567732
238.304926117 1683.4258213874382
239.34627214800003 2520.775920641119
240.38624557800003 1687.543113481274
241.42818398800003 1684.3605947879396
242.465999285 1686.2345400561194
243.50347293700003 2024.1477901166013
244.52808266000002 1707.9673955036244
245.556868728 1884.7455854155287
246.58136007700003 2396.3111083332337
247.60614901600002 1707.668704648265
248.646403178 1683.2424843497045
249.68410313400003 1687.3856357762052
250.72424212500002 2369.875585213976
251.756838133 1711.2210257547306
252.79398988000003 1689.2417190326537
253.83440406100001 1682.0224406379944
254.87571319800003 1848.6345040108872
255.915425311 3044.1118848444157
256.95318593900004 1761.4852121755384
257.979507612 1772.3488140740062
259.004810043 2882.076459253026
260.05310799800003 1671.280566411102
261.078401514 1706.8283108112428
262.120507377 1682.170748904039
263.161463879 2692.7157807406634
264.185049293 1751.6857660107298
265.226411316 2774.251351779899
266.25269175200003 2241.1028402377146
267.279732997 1793.5014868852709
268.322279975 1678.5814327112269
269.365196502 2516.9799615228458
270.40640123500003 1680.745337142066
271.433739526 1706.351272367789
272.477532473 1690.9483869122178
273.52099008 1680.9499381990704
274.56406925100003 1677.7249979234798
275.59337724100004 1700.1713937924446
276.634408768 2521.5374673278266
277.682409881 1680.3417268889866
278.72374566400003 2064.6558344571936
279.76564665300003 1679.6221699334617
280.80543992 1683.0268626850032
281.84791090000004 1678.7038043015834
282.869574279 1712.8929508199587
283.89542175900004 2389.2440618950486
284.921914339 1728.215122607121
285.963958615 1683.2298208411248
286.988724908 1712.5856031644473
288.011839765 1710.4628947832782
289.03776727900004 2388.082945984817
290.063418097 1707.208700339573
291.08892226300003 1706.4777092285353
292.118405933 1700.8526225578692
293.14431614700004 2729.2836758909584
294.18354819300004 1683.9357549988408
295.20641568900004 1710.8765376194922
296.228120654 1712.8232317046632
297.25374301 1706.2810592634937
298.28007331500004 1720.693612374624
299.30524330400004 1709.960317615189
300.330414528 1877.7351089597105
301.35606105100004 2388.737196547782
302.378407229 1711.7489532004686
303.404285271 1705.8557921644258
304.43040173 1723.9758552591347
305.464046052 2539.5582833763197
306.488993418 1715.210027672777
307.64830386100004 1509.5180161333196
308.67433055500004 1706.583279206574
309.699791716 2589.0790416781083
310.74097901100004 1681.7339285723804
311.76567351700004 1708.8019792701025
312.79043078800004 1708.6973174547984
313.824174694 2370.0260633023745
314.84968285300005 1706.4710647514212
315.874416632 1713.6158053788524
316.896417074 1712.3280265665483
317.92778308000004 1739.440692793204
318.957346583 2508.8301911183808
319.98234886200004 1957.0688193562544
321.007475492 1848.552114971396
322.029008149 1751.290071581138
323.063536542 2369.195487126664
324.105578114 2015.274684261829
325.142444064 1687.7784442627321
326.182406722 1682.7527282234396
327.20640838500003 1708.9815995738277
328.23262347300005 1708.2188914376982
329.272814686 2525.4972039453282
330.312164154 1683.7455099366057
331.350070736 1691.8671010027374
332.375567134 1709.4160480903024
333.397358096 1769.442153276748
334.420976702 1724.2750274900727
335.446148128 2709.7907038232256
336.46960479300003 1709.8916445084656
337.490355952 1722.261086357483
338.510398227 1724.4383327151809
339.53573890900003 1709.6756529553168
340.55333386200004 1744.3089657304931
341.57302458000004 1807.410783943215
342.59300342800003 2472.600294550422
343.613021887 1729.3804680058245
344.63041151000004 1746.6268181113537
345.65644533100004 1718.266945900217
346.67421380900004 1719.448025585245
347.697985694 1726.9472095338892
348.723395923 2398.0646286297188
349.74643793900003 1713.5171113050355
350.771031064 1711.899052611738
351.793856929 1711.9238571464946
352.81739259100004 2565.6165168380817
353.834845679 1819.2484959070662
354.85320408900003 1887.3512322640904
355.87223707100003 1750.6793514167139
356.88947493800003 2480.245851878025
357.910892365 1764.2150528923762
358.931316211 1734.573341203553
359.951268098 1715.767206576088
360.971426657 1715.4196125310361
361.991675454 2406.2758096052917
363.011462392 1724.8701022291384
364.03133923900003 1790.4122496468435
365.051418538 1747.9033264844245
366.07109745 2446.848680146089
367.091331813 1773.1220056935092
368.111255175 1991.3260894596508
369.13091547600004 2241.9231167066882
370.150844656 2973.735882328614
371.17071711100004 2027.7045329163243
372.19063809700003 1990.3502603288916
373.21062274300004 1888.26371804032
374.230844224 2129.9296676934014
375.250840927 2904.911350483061
376.270747221 2077.6418504972967
377.290039847 1676.6529614823287
378.31063447500003 1954.7427992144987
379.33083311300004 2188.7894345532345
380.350819976 2468.6592458593263
381.370689475 1912.989850086692
382.390843485 1830.1158273151323
383.41070398200003 1804.1683204835415
384.430712436 1741.1620394275672
385.45085732300004 1715.4426026153283
386.470756499 1715.8558818170866
387.49039688600004 1912.4389587365372
388.51054303200004 2230.072631181611
389.52972300500005 1717.0667069220365
390.55010155300005 1715.0497758210415
391.56921791800005 1717.173877391322
392.589495945 2401.306247086315
393.609858206 1715.0771514078958
394.62931907200004 1716.5936019362612
395.649313791 1715.6951574373788
396.66972709400005 1714.9913616914107
397.69007488600005 1715.1014719890723
398.71013384300005 2401.8219566499038
399.72974333300004 1716.3433816215263
400.74984469900005 1715.5157892416742
401.770106337 1715.246300380844
402.789883485 2418.175387472009
403.832761687 1678.0483057790482
404.855649486 1710.8425789327457
405.874427196 1717.7446883874204
406.89993218800004 2389.0668686281733
407.92233382800003 1712.6341855241938
408.945417749 1710.514615740892
