            CPU0       CPU1       CPU2       CPU3       CPU4       CPU5       CPU6       CPU7       CPU8       CPU9       CPU10      CPU11      CPU12      CPU13      CPU14      CPU15      CPU16      CPU17      CPU18      CPU19      CPU20      CPU21      CPU22      CPU23      CPU24      CPU25      CPU26      CPU27      CPU28      CPU29      CPU30      CPU31      CPU32      CPU33      CPU34      CPU35      CPU36      CPU37      CPU38      CPU39      CPU40      CPU41      CPU42      CPU43      CPU44      CPU45      CPU46      CPU47      
   0:         37          0          0          0          0          0          0          0          0          0          0          0          0          0          0          0          0          0          0          0          0          0          0          0          0          0          0          0          0          0          0          0          0          0          0          0          0          0          0          0          0          0          0          0          0          0          0          0  IR-IO-APIC    2-edge      timer
   8:          0          0          0          0          0          0          0          0          0          0          0          0          0          0          0          0          0          0          1          0          0          0          0          0          0          0          0          0          0          0          0          0          0          0          0          0          0          0          0          0          0          0          0          0          0          0          0          0  IR-IO-APIC    8-edge      rtc0
   9:          0          0          0          0          0          0          0          0          0          0          0          0          0          0          0          0          0          0          0          0          0          0          0          0          0          0          0          0          0          0          0          0          0          0          0          0          0          0          0          0          0          0          0          0          0          0          0          0  IR-IO-APIC    9-fasteoi   acpi
  10:          0          0          0          0          0          0          0          0          0          0          0          0          0       1265          0          0          0          0          0          0          0          0          0          0          0          0          0          0          0          0          0          0          0          0          0          0          0          0          0          0          0          0          0          0          0          0          0          0  IR-IO-APIC   10-edge      ipmi_si
  26:          0          0          0          0          0          0          0          0          0          0          0          0          0          0          0          0          0          0          0          0          0          0          0          0          0          0          0          0          0          0          0          0          0          0          0          0          0          0          0          0          0          0          0          0          0          0          0          0  IOMMU-MSI    0-edge      AMD-Vi
  27:          0          0          0          0          0          0          0          0          0          0          0          0          0          0          0          0          0          0          0          0          0          0          0          0          0          0          0          0          0          0          0          0          0          0          0          0          0          0          0          0          0          0          0          0          0          0          0          0  IOMMU-MSI    0-edge      AMD-Vi
  28:          0          0          0          0          0          0          0          0          0          0          0          0          0          0          0          0          0          0          0          0          0          0          0          0          0          0          0          0          0          0          0          0          0          0          0          0          0          0          0          0          0          0          0          0          0          0          0          0  IOMMU-MSI    0-edge      AMD-Vi
  29:          0          0          0          0          0          0          0          0          0          0          0          0          0          0          0          0          0          0          0          0          0          0          0          0          0          0          0          0          0          0          0          0          0          0          0          0          0          0          0          0          0          0          0          0          0          0          0          0  IOMMU-MSI    0-edge      AMD-Vi
  30:          0          0          0          0          0          0          0          0          0          0          0          0          0          0          0          0          0          0          0          0          0          0          0          0          0          0          0          0          0          0          0          0          0          0          0          0          0          0          0          0          0          0          0          0          0          0          0          0  IR-PCI-MSI 53248-edge      PCIe PME
  32:          0          0          0          0          0          0          0          0          0          0          0          0          0          0          0          0          0          0          0          0          0          0          0          0          0          0          0          0          0          0          0          0          0          0          0          0          0          0          0          0          0          0          0          0          0          0          0          0  IR-PCI-MSI 116736-edge      PCIe PME
  33:          0          0          0          0          0          0          0          0          0          0          0          0          0          0          0          0          0          0          0          0          0          0          0          0          0          0          0          0          0          0          0          0          0          0          0          0          0          0          0          0          0          0          0          0          0          0          0          0  IR-PCI-MSI 133120-edge      PCIe PME
  35:          0          0          0          0          0          0          0          0          0          0          0          0          0          0          0          0          0          0          0          0          0          0          0          0          0          0          0          0          0          0          0          0          0          0          0          0          0          0          0          0          0          0          0          0          0          0          0          0  IR-PCI-MSI 33671168-edge      PCIe PME
  36:          0          0          0          0          0          0          0          0          0          0          0          0          0          0          0          0          0          0          0          0          0          0          0          0          0          0          0          0          0          0          0          0          0          0          0          0          0          0          0          0          0          0          0          0          0          0          0          0  IR-PCI-MSI 33687552-edge      PCIe PME
  38:          0          0          0          0          0          0          0          0          0          0          0          0          0          0          0          0          0          0          0          0          0          0          0          0          0          0          0          0          0          0          0          0          0          0          0          0          0          0          0          0          0          0          0          0          0          0          0          0  IR-PCI-MSI 67225600-edge      PCIe PME
  40:          0          0          0          0          0          0          0          0          0          0          0          0          0          0          0          0          0          0          0          0          0          0          0          0          0          0          0          0          0          0          0          0          0          0          0          0          0          0          0          0          0          0          0          0          0          0          0          0  IR-PCI-MSI 67241984-edge      PCIe PME
  41:          0          0          0          0          0          0          0          0          0          0          0          0          0          0          0          0          0          0          0          0          0          0          0          0          0          0          0          0          0          0          0          0          0          0          0          0          0          0          0          0          0          0          0          0          0          0          0          0  IR-PCI-MSI 67244032-edge      PCIe PME
  42:          0          0          0          0          0          0          0          0          0          0          0          0          0          0          0          0          0          0          0          0          0          0          0          0          0          0          0          0          0          0          0          0          0          0          0          0          0          0          0          0          0          0          0          0          0          0          0          0  IR-PCI-MSI 100747264-edge      PCIe PME
  43:          0          0          0          0          0          0          0          0          0          0          0          0          0          0          0          0          0          0          0          0          0          0          0          0          0          0          0          0          0          0          0          0          0          0          0          0          0          0          0          0          0          0          0          0          0          0          0          0  IR-PCI-MSI 100749312-edge      PCIe PME
  45:          0          0          0          0          0          0          0          0          0          0          0          0          0          0          0          0          0          0          0          0          0          0          0          0          0          0          0          0          0          0          0          0          0          0          0          0          0          0          0          0          0          0          0          0          0          0          0          0  IR-PCI-MSI 100780032-edge      PCIe PME
  47:          0          0          0          0          0          0          0          0          0          0          0          0          0          0          0          0          0          0          0          0          0          0          0          0          0          0          0          0          0          0          0          0          0          0          0          0          0          0          0          0          0          0          0          0          0          0          0          0  IR-PCI-MSI 100796416-edge      PCIe PME
  52:          0          0          0          0          0          0          0          0          0          0          0          0          0          0          1          0          0          0          0          0          0          0          0          0          0          0          0          0          0          0          0          0          0          0          0          0          0          0          0          0          0          0          0        134          0          0          0          0  IR-PCI-MSI 524288-edge      megasas0-msix0
  53:      45261          0          0          0          0          0          0          0          0          0          0          0          0          0          0          0          0          0          0          0          0          0          0          0          0          0          0          0          0          0          0          0          0          0          0          0          0          0          0          0          0          0          0          0          0          0          0          0  IR-PCI-MSI 524289-edge      megasas0-msix1
  54:          0     105664          0          0          0          0          0          0          0          0          0          0          0          0          0          0          0          0          0          0          0          0          0          0          0          0          0          0          0          0          0          0          0          0          0          0          0          0          0          0          0          0          0          0          0          0          0          0  IR-PCI-MSI 524290-edge      megasas0-msix2
  55:          0          0      46162          0          0          0          0          0          0          0          0          0          0          0          0          0          0          0          0          0          0          0          0          0          0          0          0          0          0          0          0          0          0          0          0          0          0          0          0          0          0          0          0          0          0          0          0          0  IR-PCI-MSI 524291-edge      megasas0-msix3
  56:          0          0          0     123947          0          0          0          0          0          0          0          0          0          0          0          0          0          0          0          0          0          0          0          0          0          0          0          0          0          0          0          0          0          0          0          0          0          0          0          0          0          0          0          0          0          0          0          0  IR-PCI-MSI 524292-edge      megasas0-msix4
  57:          0          0          0          0      71081          0          0          0          0          0          0          0          0          0          0          0          0          0          0          0          0          0          0          0          0          0          0          0          0          0          0          0          0          0          0          0          0          0          0          0          0          0          0          0          0          0          0          0  IR-PCI-MSI 524293-edge      megasas0-msix5
  58:          0          0          0          0          0      65242          0          0          0          0          0          0          0          0          0          0          0          0          0          0          0          0          0          0          0          0          0          0          0          0          0          0          0          0          0          0          0          0          0          0          0          0          0          0          0          0          0          0  IR-PCI-MSI 524294-edge      megasas0-msix6
  59:          0          0          0          0          0          0      54187          0          0          0          0          0          0          0          0          0          0          0          0          0          0          0          0          0          0          0          0          0          0          0          0          0          0          0          0          0          0          0          0          0          0          0          0          0          0          0          0          0  IR-PCI-MSI 524295-edge      megasas0-msix7
  60:          0          0          0          0          0          0          0      89603          0          0          0          0          0          0          0          0          0          0          0          0          0          0          0          0          0          0          0          0          0          0          0          0          0          0          0          0          0          0          0          0          0          0          0          0          0          0          0          0  IR-PCI-MSI 524296-edge      megasas0-msix8
  61:          0          0          0          0          0          0          0          0      45273          0          0          0          0          0          0          0          0          0          0          0          0          0          0          0          0          0          0          0          0          0          0          0          0          0          0          0          0          0          0          0          0          0          0          0          0          0          0          0  IR-PCI-MSI 524297-edge      megasas0-msix9
  62:          0          0          0          0          0          0          0          0          0      52712          0          0          0          0          0          0          0          0          0          0          0          0          0          0          0          0          0          0          0          0          0          0          0          0          0          0          0          0          0          0          0          0          0          0          0          0          0          0  IR-PCI-MSI 524298-edge      megasas0-msix10
  63:          0          0          0          0          0          0          0          0          0          0      71427          0          0          0          0          0          0          0          0          0          0          0          0          0          0          0          0          0          0          0          0          0          0          0          0          0          0          0          0          0          0          0          0          0          0          0          0          0  IR-PCI-MSI 524299-edge      megasas0-msix11
  64:          0          0          0          0          0          0          0          0          0          0          0      43065          0          0          0          0          0          0          0          0          0          0          0          0          0          0          0          0          0          0          0          0          0          0          0          0          0          0          0          0          0          0          0          0          0          0          0          0  IR-PCI-MSI 524300-edge      megasas0-msix12
  65:          0          0          0          0          0          0          0          0          0          0          0          0     103800          0          0          0          0          0          0          0          0          0          0          0          0          0          0          0          0          0          0          0          0          0          0          0          0          0          0          0          0          0          0          0          0          0          0          0  IR-PCI-MSI 524301-edge      megasas0-msix13
  66:          0          0          0          0          0          0          0          0          0          0          0          0          0      76355          0          0          0          0          0          0          0          0          0          0          0          0          0          0          0          0          0          0          0          0          0          0          0          0          0          0          0          0          0          0          0          0          0          0  IR-PCI-MSI 524302-edge      megasas0-msix14
  67:          0          0          0          0          0          0          0          0          0          0          0          0          0          0      78829          0          0          0          0          0          0          0          0          0          0          0          0          0          0          0          0          0          0          0          0          0          0          0          0          0          0          0          0          0          0          0          0          0  IR-PCI-MSI 524303-edge      megasas0-msix15
  68:          0          0          0          0          0          0          0          0          0          0          0          0          0          0          0      59764          0          0          0          0          0          0          0          0          0          0          0          0          0          0          0          0          0          0          0          0          0          0          0          0          0          0          0          0          0          0          0          0  IR-PCI-MSI 524304-edge      megasas0-msix16
  69:          0          0          0          0          0          0          0          0          0          0          0          0          0          0          0          0     101481          0          0          0          0          0          0          0          0          0          0          0          0          0          0          0          0          0          0          0          0          0          0          0          0          0          0          0          0          0          0          0  IR-PCI-MSI 524305-edge      megasas0-msix17
  70:          0          0          0          0          0          0          0          0          0          0          0          0          0          0          0          0          0      92443          0          0          0          0          0          0          0          0          0          0          0          0          0          0          0          0          0          0          0          0          0          0          0          0          0          0          0          0          0          0  IR-PCI-MSI 524306-edge      megasas0-msix18
  71:          0          0          0          0          0          0          0          0          0          0          0          0          0          0          0          0          0          0      87490          0          0          0          0          0          0          0          0          0          0          0          0          0          0          0          0          0          0          0          0          0          0          0          0          0          0          0          0          0  IR-PCI-MSI 524307-edge      megasas0-msix19
  72:          0          0          0          0          0          0          0          0          0          0          0          0          0          0          0          0          0          0          0      50055          0          0          0          0          0          0          0          0          0          0          0          0          0          0          0          0          0          0          0          0          0          0          0          0          0          0          0          0  IR-PCI-MSI 524308-edge      megasas0-msix20
  73:          0          0          0          0          0          0          0          0          0          0          0          0          0          0          0          0          0          0          0          0      93456          0          0          0          0          0          0          0          0          0          0          0          0          0          0          0          0          0          0          0          0          0          0          0          0          0          0          0  IR-PCI-MSI 524309-edge      megasas0-msix21
  74:          0          0          0          0          0          0          0          0          0          0          0          0          0          0          0          0          0          0          0          0          0      48493          0          0          0          0          0          0          0          0          0          0          0          0          0          0          0          0          0          0          0          0          0          0          0          0          0          0  IR-PCI-MSI 524310-edge      megasas0-msix22
  75:          0          0          0          0          0          0          0          0          0          0          0          0          0          0          0          0          0          0          0          0          0          0      66589          0          0          0          0          0          0          0          0          0          0          0          0          0          0          0          0          0          0          0          0          0          0          0          0          0  IR-PCI-MSI 524311-edge      megasas0-msix23
  76:          0          0          0          0          0          0          0          0          0          0          0          0          0          0          0          0          0          0          0          0          0          0          0      57791          0          0          0          0          0          0          0          0          0          0          0          0          0          0          0          0          0          0          0          0          0          0          0          0  IR-PCI-MSI 524312-edge      megasas0-msix24
  77:          0          0          0          0          0          0          0          0          0          0          0          0          0          0          0          0          0          0          0          0          0          0          0          0      54867          0          0          0          0          0          0          0          0          0          0          0          0          0          0          0          0          0          0          0          0          0          0          0  IR-PCI-MSI 524313-edge      megasas0-msix25
  78:          0          0          0          0          0          0          0          0          0          0          0          0          0          0          0          0          0          0          0          0          0          0          0          0          0      49695          0          0          0          0          0          0          0          0          0          0          0          0          0          0          0          0          0          0          0          0          0          0  IR-PCI-MSI 524314-edge      megasas0-msix26
  79:          0          0          0          0          0          0          0          0          0          0          0          0          0          0          0          0          0          0          0          0          0          0          0          0          0          0      42629          0          0          0          0          0          0          0          0          0          0          0          0          0          0          0          0          0          0          0          0          0  IR-PCI-MSI 524315-edge      megasas0-msix27
  80:          0          0          0          0          0          0          0          0          0          0          0          0          0          0          0          0          0          0          0          0          0          0          0          0          0          0          0      44750          0          0          0          0          0          0          0          0          0          0          0          0          0          0          0          0          0          0          0          0  IR-PCI-MSI 524316-edge      megasas0-msix28
  81:          0          0          0          0          0          0          0          0          0          0          0          0          0          0          0          0          0          0          0          0          0          0          0          0          0          0          0          0      62756          0          0          0          0          0          0          0          0          0          0          0          0          0          0          0          0          0          0          0  IR-PCI-MSI 524317-edge      megasas0-msix29
  82:          0          0          0          0          0          0          0          0          0          0          0          0          0          0          0          0          0          0          0          0          0          0          0          0          0          0          0          0          0      52813          0          0          0          0          0          0          0          0          0          0          0          0          0          0          0          0          0          0  IR-PCI-MSI 524318-edge      megasas0-msix30
  83:          0          0          0          0          0          0          0          0          0          0          0          0          0          0          0          0          0          0          0          0          0          0          0          0          0          0          0          0          0          0      42788          0          0          0          0          0          0          0          0          0          0          0          0          0          0          0          0          0  IR-PCI-MSI 524319-edge      megasas0-msix31
  84:          0          0          0          0          0          0          0          0          0          0          0          0          0          0          0          0          0          0          0          0          0          0          0          0          0          0          0          0          0          0          0      58705          0          0          0          0          0          0          0          0          0          0          0          0          0          0          0          0  IR-PCI-MSI 524320-edge      megasas0-msix32
  85:          0          0          0          0          0          0          0          0          0          0          0          0          0          0          0          0          0          0          0          0          0          0          0          0          0          0          0          0          0          0          0          0      63790          0          0          0          0          0          0          0          0          0          0          0          0          0          0          0  IR-PCI-MSI 524321-edge      megasas0-msix33
  86:          0          0          0          0          0          0          0          0          0          0          0          0          0          0          0          0          0          0          0          0          0          0          0          0          0          0          0          0          0          0          0          0          0      35454          0          0          0          0          0          0          0          0          0          0          0          0          0          0  IR-PCI-MSI 524322-edge      megasas0-msix34
  87:          0          0          0          0          0          0          0          0          0          0          0          0          0          0          0          0          0          0          0          0          0          0          0          0          0          0          0          0          0          0          0          0          0          0      64907          0          0          0          0          0          0          0          0          0          0          0          0          0  IR-PCI-MSI 524323-edge      megasas0-msix35
  88:          0          0          0          0          0          0          0          0          0          0          0          0          0          0          0          0          0          0          0          0          0          0          0          0          0          0          0          0          0          0          0          0          0          0          0      37736          0          0          0          0          0          0          0          0          0          0          0          0  IR-PCI-MSI 524324-edge      megasas0-msix36
  89:          0          0          0          0          0          0          0          0          0          0          0          0          0          0          0          0          0          0          0          0          0          0          0          0          0          0          0          0          0          0          0          0          0          0          0          0      69217          0          0          0          0          0          0          0          0          0          0          0  IR-PCI-MSI 524325-edge      megasas0-msix37
  90:          0          0          0          0          0          0          0          0          0          0          0          0          0          0          0          0          0          0          0          0          0          0          0          0          0          0          0          0          0          0          0          0          0          0          0          0          0      53950          0          0          0          0          0          0          0          0          0          0  IR-PCI-MSI 524326-edge      megasas0-msix38
  91:          0          0          0          0          0          0          0          0          0          0          0          0          0          0          0          0          0          0          0          0          0          0          0          0          0          0          0          0          0          0          0          0          0          0          0          0          0          0      64898          0          0          0          0          0          0          0          0          0  IR-PCI-MSI 524327-edge      megasas0-msix39
  92:          0          0          0          0          0          0          0          0          0          0          0          0          0          0          0          0          0          0          0          0          0          0          0          0          0          0          0          0          0          0          0          0          0          0          0          0          0          0          0      51552          0          0          0          0          0          0          0          0  IR-PCI-MSI 524328-edge      megasas0-msix40
  93:          0          0          0          0          0          0          0          0          0          0          0          0          0          0          0          0          0          0          0          0          0          0          0          0          0          0          0          0          0          0          0          0          0          0          0          0          0          0          0          0      67640          0          0          0          0          0          0          0  IR-PCI-MSI 524329-edge      megasas0-msix41
  94:          0          0          0          0          0          0          0          0          0          0          0          0          0          0          0          0          0          0          0          0          0          0          0          0          0          0          0          0          0          0          0          0          0          0          0          0          0          0          0          0          0      76441          0          0          0          0          0          0  IR-PCI-MSI 524330-edge      megasas0-msix42
  95:          0          0          0          0          0          0          0          0          0          0          0          0          0          0          0          0          0          0          0          0          0          0          0          0          0          0          0          0          0          0          0          0          0          0          0          0          0          0          0          0          0          0      64322          0          0          0          0          0  IR-PCI-MSI 524331-edge      megasas0-msix43
  96:          0          0          0          0          0          0          0          0          0          0          0          0          0          0          0          0          0          0          0          0          0          0          0          0          0          0          0          0          0          0          0          0          0          0          0          0          0          0          0          0          0          0          0      54349          0          0          0          0  IR-PCI-MSI 524332-edge      megasas0-msix44
  97:          0          0          0          0          0          0          0          0          0          0          0          0          0          0          0          0          0          0          0          0          0          0          0          0          0          0          0          0          0          0          0          0          0          0          0          0          0          0          0          0          0          0          0          0      98619          0          0          0  IR-PCI-MSI 524333-edge      megasas0-msix45
  98:          0          0          0          0          0          0          0          0          0          0          0          0          0          0          0          0          0          0          0          0          0          0          0          0          0          0          0          0          0          0          0          0          0          0          0          0          0          0          0          0          0          0          0          0          0      88954          0          0  IR-PCI-MSI 524334-edge      megasas0-msix46
  99:          0          0          0          0          0          0          0          0          0          0          0          0          0          0          0          0          0          0          0          0          0          0          0          0          0          0          0          0          0          0          0          0          0          0          0          0          0          0          0          0          0          0          0          0          0          0     105850          0  IR-PCI-MSI 524335-edge      megasas0-msix47
 100:          0          0          0          0          0          0          0          0          0          0          0          0          0          0          0          0          0          0          0          0          0          0          0          0          0          0          0          0          0          0          0          0          0          0          0          0          0          0          0          0          0          0          0          0          0          0          0      61363  IR-PCI-MSI 524336-edge      megasas0-msix48
 101:          0          0          0          0          0          0          0          0          0          0          0          0          0          0          0          0          0          0          0        125          0          0          0          0          0          0          0        130          0          0          0          0          0          0          0          0          0          0          0          0          0          0          0          0          0          0          0          0  IR-PCI-MSI 1579008-edge      xhci_hcd
 102:          0          0          0          0          0          0          0          0          0          0          0          0          0          0          0          0          0          0          0          0          0          0          0          0          0          0          0          0          0          0          0          0          0          0          0          0          0          0          0          0          0          0          0          0          0          0          0          0  IR-PCI-MSI 1579009-edge      xhci_hcd
 103:          0          0          0          0          0          0          0          0          0          0          0          0          0          0          0          0          0          0          0          0          0          0          0          0          0          0          0          0          0          0          0          0          0          0          0          0          0          0          0          0          0          0          0          0          0          0          0          0  IR-PCI-MSI 1579010-edge      xhci_hcd
 104:          0          0          0          0          0          0          0          0          0          0          0          0          0          0          0          0          0          0          0          0          0          0          0          0          0          0          0          0          0          0          0          0          0          0          0          0          0          0          0          0          0          0          0          0          0          0          0          0  IR-PCI-MSI 1579011-edge      xhci_hcd
 105:          0          0          0          0          0          0          0          0          0          0          0          0          0          0          0          0          0          0          0          0          0          0          0          0          0          0          0          0          0          0          0          0          0          0          0          0          0          0          0          0          0          0          0          0          0          0          0          0  IR-PCI-MSI 1579012-edge      xhci_hcd
 106:          0          0          0          0          0          0          0          0          0          0          0          0          0          0          0          0          0          0          0          0          0          0          0          0          0          0          0          0          0          0          0          0          0          0          0          0          0          0          0          0          0          0          0          0          0          0          0          0  IR-PCI-MSI 1579013-edge      xhci_hcd
 107:          0          0          0          0          0          0          0          0          0          0          0          0          0          0          0          0          0          0          0          0          0          0          0          0          0          0          0          0          0          0          0          0          0          0          0          0          0          0          0          0          0          0          0          0          0          0          0          0  IR-PCI-MSI 1579014-edge      xhci_hcd
 108:          0          0          0          0          0          0          0          0          0          0          0          0          0          0          0          0          0          0          0          0          0          0          0          0          0          0          0          0          0          0          0          0          0          0          0          0          0          0          0          0          0          0          0          0          0          0          0          0  IR-PCI-MSI 1579015-edge      xhci_hcd
 110:          0          0          0          0          0          0          0          0          0          0          0          0          0          0          0          0          0          0          0          0          0          0          0          0          0          0          0          0          0          0          0          0          0          0          0          0          0          0          0          0          0          0          0          0          0          0          0          0  IR-PCI-MSI 68681728-edge      ahci0
 111:          0          0          0          0          0          0          0          0          0          0          0          0          0          0          0          0          0          0          0          0          0          0          0          0          0          0          0          0          0          0          0          0          0          0          0          0          0          0          0          0          0          0          0          0          0          0          0          0  IR-PCI-MSI 68681729-edge      ahci1
 112:          0          0          0          0          0          0          0          0          0          0          0          0          0          0          0          0          0          0          0          0          0          0          0          0          0          0          0          0          0          0          0          0          0          0          0          0          0          0          0          0          0          0          0          0          0          0          0          0  IR-PCI-MSI 68681730-edge      ahci2
 113:          0          0          0          0          0          0          0          0          0          0          0          0          0          0          0          0          0          0          0          0          0          0          0          0          0          0          0          0          0          0          0          0          0          0          0          0          0          0          0          0          0          0          0          0          0          0          0          0  IR-PCI-MSI 68681731-edge      ahci3
 114:          0          0          0          0          0          0          0          0          0          0          0          0          0          0          0          0          0          0          0          0          0          0          0          0          0          0          0          0          0          0          0          0          0          0          0          0          0          0          0          0          0          0          0          0          0          0          0          0  IR-PCI-MSI 68681732-edge      ahci4
 115:          0          0          0          0          0          0          0          0          0          0          0          0          0          0          0          0          0          0          0          0          0          0          0          0          0          0          0          0          0          0          0          0          0          0          0          0          0          0          0          0          0          0          0          0          0          0          0          0  IR-PCI-MSI 68681733-edge      ahci5
 116:          0          0          0          0          0          0          0          0          0          0          0          0          0          0          0          0          0          0          0          0          0          0          0          0          0          0          0          0          0          0          0          0          0          0          0          0          0          0          0          0          0          0          0          0          0          0          0          0  IR-PCI-MSI 68681734-edge      ahci6
 117:          0          0          0          0          0          0          0          0          0          0          0          0          0          0          0          0          0          0          0          0          0          0          0          0          0          0          0          0          0          0          0          0          0          0          0          0          0          0          0          0          0          0          0          0          0          0          0          0  IR-PCI-MSI 68681735-edge      ahci7
 127:          0          0          0          0          0          0          0          0          0          0          0          0          0          0          0          0          0          0          0          0          0          0          0          0          0          0          0          0          0          0          0          0          0          0          0          0          0          0          0          0          0          0          0          0         97          0          0          0  IR-PCI-MSI 34609152-edge      xhci_hcd
 128:          0          0          0          0          0          0          0          0          0          0          0          0          0          0          0          0          0          0          0          0          0          0          0          0          0          0          0          0          0          0          0          0          0          0          0          0          0          0          0          0          0          0          0          0          0          0          0          0  IR-PCI-MSI 34609153-edge      xhci_hcd
 129:          0          0          0          0          0          0          0          0          0          0          0          0          0          0          0          0          0          0          0          0          0          0          0          0          0          0          0          0          0          0          0          0          0          0          0          0          0          0          0          0          0          0          0          0          0          0          0          0  IR-PCI-MSI 34609154-edge      xhci_hcd
 130:          0          0          0          0          0          0          0          0          0          0          0          0          0          0          0          0          0          0          0          0          0          0          0          0          0          0          0          0          0          0          0          0          0          0          0          0          0          0          0          0          0          0          0          0          0          0          0          0  IR-PCI-MSI 34609155-edge      xhci_hcd
 131:          0          0          0          0          0          0          0          0          0          0          0          0          0          0          0          0          0          0          0          0          0          0          0          0          0          0          0          0          0          0          0          0          0          0          0          0          0          0          0          0          0          0          0          0          0          0          0          0  IR-PCI-MSI 34609156-edge      xhci_hcd
 132:          0          0          0          0          0          0          0          0          0          0          0          0          0          0          0          0          0          0          0          0          0          0          0          0          0          0          0          0          0          0          0          0          0          0          0          0          0          0          0          0          0          0          0          0          0          0          0          0  IR-PCI-MSI 34609157-edge      xhci_hcd
 133:          0          0          0          0          0          0          0          0          0          0          0          0          0          0          0          0          0          0          0          0          0          0          0          0          0          0          0          0          0          0          0          0          0          0          0          0          0          0          0          0          0          0          0          0          0          0          0          0  IR-PCI-MSI 34609158-edge      xhci_hcd
 134:          0          0          0          0          0          0          0          0          0          0          0          0          0          0          0          0          0          0          0          0          0          0          0          0          0          0          0          0          0          0          0          0          0          0          0          0          0          0          0          0          0          0          0          0          0          0          0          0  IR-PCI-MSI 34609159-edge      xhci_hcd
 137:          0          0          0          0          0          0          0          0          0          0          0          0          0          0          0          0          0          0          0          0          0          0          0          0          0          0          0          0          0          0          0          0          0          0          0          0          0          0          0          0          0          0          0          0          0          0          0          0  IR-PCI-MSI 1052672-edge      0000:02:00.2
 138:          0          0          0          0          0          0          0          0          0          0          0          0          0          0          0          0          0          0          0          0          0          0          0          0          0          0          0          0          0          0          0          0          0          0          0          0          0          0          0          0          0          0          0          0          0          0          0          0  IR-PCI-MSI 1576960-edge      0000:03:00.2
 141:          0          0          0          0          0          0          0          0          0          0          0          0          0          0          0          0          0          0          0          0          0          0          0          0          0          0          0          0          0          0          0          0          0          0          0          0          0          0          0          0          0          0          0          0          0          0          0          0  IR-PCI-MSI 34605056-edge      psp-1
 142:          0          0          0          0          0          0          0          0          0          0          0          0          0          0          0          0          0          0          0          0          0          0          0          0          0          0          0          0          0          0          0          0          0          0          0          0          0          0          0          0          0          0          0          0          0          0          0          0  IR-PCI-MSI 34082816-edge      0000:41:00.2
 144:          0          0          0          0          0          0          0          0          0          0          0          0          0          0          0          0          0          0          0          0          0          0          0          0          0          0          0          0          0          0          0          0          0          0          0          0          0          0          0          0          0          0          0          0          0          0          0          0  IR-PCI-MSI 34607104-edge      0000:42:00.2
 146:          0          0          0          0          0          0          0          0          0          0          0          0          0          0          0          0          0          0          0          0          0          0          0          0          0          0          0          0          0          0          0          0          0          0          0          0          0          0          0          0          0          0          0          0          0          0          0          0  IR-PCI-MSI 67637248-edge      0000:81:00.2
 147:          0          0          0          0          0          0          0          0          0          0          0          0          0          0          0          0          0          0          0          0          0          0          0          0          0          0          0          0          0          0          0          0          0          0          0          0          0          0          0          0          0          0          0          0          0          0          0          0  IR-PCI-MSI 68161536-edge      0000:82:00.2
 149:          0          0          0          0          0          0          0          0          0          0          0          0          0          0          0          0          0          0          0          0          0          0          0          0          0          0          0          0          0          0          0          0          0          0          0          0          0          0          0          0          0          0          0          0          0          0          0          0  IR-PCI-MSI 102764544-edge      0000:c4:00.2
 150:          0          0          0          0          0          0          0          0          0          0          0          0          0          0          0          0          0          0          0          0          0          0          0          0          0          0          0          0          0          0          0          0          0          0          0          0          0          0          0          0          0          0          0          0          0          0          0          0  IR-PCI-MSI 103288832-edge      0000:c5:00.2
 151:          0          0          0          0          0          0          0          0          0          0          0          0          0          0          1          0          0          0          0          0          0          0          0          0          0          0          0          0          0          0          0          0          0          0          0          0          0          0          0          0          0          0          0          0          0          0          0          0  IR-PCI-MSI 101189632-edge      eno8403-tx-0
 152:          0          0          0          0          0          0          0          0          0          0          0          0          0          0          0          1          0          0          0          0          0          0          0          0          0          0          0          0          0          0          0          0          0          0          0          0          0          0          0          0          0          0          0          0          0          0          0          0  IR-PCI-MSI 101189633-edge      eno8403-rx-1
 153:          0          0          0          0          0          0          0          0          0          0          0          0          0          0          0          0          1          0          0          0          0          0          0          0          0          0          0          0          0          0          0          0          0          0          0          0          0          0          0          0          0          0          0          0          0          0          0          0  IR-PCI-MSI 101189634-edge      eno8403-rx-2
 154:          0          0          0          0          0          0          0          0          0          0          0          0          0          0          0          0          0          1          0          0          0          0          0          0          0          0          0          0          0          0          0          0          0          0          0          0          0          0          0          0          0          0          0          0          0          0          0          0  IR-PCI-MSI 101189635-edge      eno8403-rx-3
 155:          0          0          0          0          0          0          0          0          0          0          0          0          0          0          0          0          0          0          1          0          0          0          0          0          0          0          0          0          0          0          0          0          0          0          0          0          0          0          0          0          0          0          0          0          0          0          0          0  IR-PCI-MSI 101189636-edge      eno8403-rx-4
 156:          0          0          0          0          0          0          0          0          0          0          0          0          0          0          0          0          0          0          0        639          0          0          0          0          0          0          0          0     832089          0          0          0          0          0          0          0          0          0          0          0          0          0          0          0          0          0          0          0  IR-PCI-MSI 101187584-edge      eno8303-tx-0
 157:          0          0          0          0          0          0          0          0          0          0          0          0          0          0          0          0          0          0          0          0       8471          0          0          0          0          0          0          0          0          0          0          0          0          0          0          0          0          0          0          0          0          0          0          0          0          0   24835487          0  IR-PCI-MSI 101187585-edge      eno8303-rx-1
 158:          0          0          0          0          0          0          0          0          0          0          0          0          0          0          0          0          0          0     491731          0          0        241          0          0          0          0          0          0          0          0          0          0          0          0          0          0          0          0          0          0          0          0          0          0          0          0          0          0  IR-PCI-MSI 101187586-edge      eno8303-rx-2
 159:          0          0          0          0          0     448564          0          0          0          0          0          0          0          0          0          0          0          0          0          0          0          0        137          0          0          0          0          0          0          0          0          0          0          0          0          0          0          0          0          0          0          0          0          0          0          0          0          0  IR-PCI-MSI 101187587-edge      eno8303-rx-3
 160:          0          0          0          0          0          0          0          0          0          0          0          0          0          0          0          0          0          0          0          0          0          0          0         76          0          0          0          0          0          0          0          0          0          0          0          0     640755          0          0          0          0          0          0          0          0          0          0          0  IR-PCI-MSI 101187588-edge      eno8303-rx-4
 NMI:         47         55         61         68         54         64         79         80         62         59         69         87        114         78         76         67         54         56         74         50         55         56         68         57         77         69         68         66         76         89         75         73         93         64         61         62         76         72         79         85         78         99         65         67         59         66        104        104   Non-maskable interrupts
 LOC:     844154    1028899    2378966    1545587    1247524    2080735    1660738    2995479    1814446    4545048    2193943    1116657    5719032    5742404    2998956    1851422    1056603    2339547    2327538    1873937    1126216     837896    1115440    1596792    1690621    1959073    1760253    1946847    2236316    1834613    1850063    1693536    2903417    2540339    2287205    2191653    4775292    4423180    7382233    3025124    6074215    6517517    1688701    2176551    1762625    2061476   77033800    8836611   Local timer interrupts
 SPU:          0          0          0          0          0          0          0          0          0          0          0          0          0          0          0          0          0          0          0          0          0          0          0          0          0          0          0          0          0          0          0          0          0          0          0          0          0          0          0          0          0          0          0          0          0          0          0          0   Spurious interrupts
 PMI:         47         55         61         68         54         64         79         80         62         59         69         87        114         78         76         67         54         56         74         50         55         56         68         57         77         69         68         66         76         89         75         73         93         64         61         62         76         72         79         85         78         99         65         67         59         66        104        104   Performance monitoring interrupts
 IWI:          0          0          0          0          0          0          0          0          0          0          0          0          0          0          0          0          0          0          0          3          0          0          0          0          0          0          0          0          0          0          0          0          0          0          0          0          0          0          0          0          0          0          0          0          0          0          0          0   IRQ work interrupts
 RTR:          0          0          0          0          0          0          0          0          0          0          0          0          0          0          0          0          0          0          0          0          0          0          0          0          0          0          0          0          0          0          0          0          0          0          0          0          0          0          0          0          0          0          0          0          0          0          0          0   APIC ICR read retries
 RES:     129672     144161     161961     153630     133386     125763     160745     149540     133198     139076     148913     123901     155036     147762     134409     144173     126431     146114     145674     136489     117258     116045     121322     116380     319451     309006     285616     290487     310160     318766     288714     301100     291081     293534     300822     324330     296923     304796     299234     309426     318890     287005     314443     309396     331068     328446     320064     362567   Rescheduling interrupts
 CAL:    4674602    2963011    2295042    3073786    2896600    2540190    5646484    6317263    4458323    5299811    3987894    2523702    3819610    3981105    3132415    3311835    3555881    2844822    8352223    2804239    2367668    2449185    2509546    2580467    2878167    3444480    2213332    2342606    3249207    8169859    4915609    4031097    4673298    3406963    2559526    2869567    2705508    3408377    4501639    3818460    3586756    2897515    2422458    2407287    2686617    2917248    3465686   16388200   Function call interrupts
 TLB:     130472     125394     194485     168938     147540     138306     204534     224927     155914     153775     187353     214660     185300     151491     144929     158680     155832     154618     172870     159806     148647     146513     143677     279140     336469     333606     284913     308218     330333     328944     327882     339987     318409     314903     354108     384561     333006     351386     326459     361158     359569     365744     335745     322856     343534     319689     324780     334980   TLB shootdowns
 TRM:          0          0          0          0          0          0          0          0          0          0          0          0          0          0          0          0          0          0          0          0          0          0          0          0          0          0          0          0          0          0          0          0          0          0          0          0          0          0          0          0          0          0          0          0          0          0          0          0   Thermal event interrupts
 THR:          0          0          0          0          0          0          0          0          0          0          0          0          0          0          0          0          0          0          0          0          0          0          0          0          0          0          0          0          0          0          0          0          0          0          0          0          0          0          0          0          0          0          0          0          0          0          0          0   Threshold APIC interrupts
 DFR:          0          0          0          0          0          0          0          0          0          0          0          0          0          0          0          0          0          0          0          0          0          0          0          0          0          0          0          0          0          0          0          0          0          0          0          0          0          0          0          0          0          0          0          0          0          0          0          0   Deferred Error APIC interrupts
 MCE:          0          0          0          0          0          0          0          0          0          0          0          0          0          0          0          0          0          0          0          0          0          0          0          0          0          0          0          0          0          0          0          0          0          0          0          0          0          0          0          0          0          0          0          0          0          0          0          0   Machine check exceptions
 MCP:       2025       2025       2025       2025       2025       2025       2025       2025       2025       2025       2025       2025       2025       2025       2025       2025       2025       2025       2025       2025       2025       2025       2025       2025       2025       2025       2025       2025       2025       2025       2025       2025       2025       2025       2025       2025       2025       2025       2025       2025       2025       2025       2025       2025       2025       2025       2025       2025   Machine check polls
 ERR:          0
 MIS:          0
 PIN:          0          0          0          0          0          0          0          0          0          0          0          0          0          0          0          0          0          0          0          0          0          0          0          0          0          0          0          0          0          0          0          0          0          0          0          0          0          0          0          0          0          0          0          0          0          0          0          0   Posted-interrupt notification event
 NPI:          0          0          0          0          0          0          0          0          0          0          0          0          0          0          0          0          0          0          0          0          0          0          0          0          0          0          0          0          0          0          0          0          0          0          0          0          0          0          0          0          0          0          0          0          0          0          0          0   Nested posted-interrupt event
 PIW:          0          0          0          0          0          0          0          0          0          0          0          0          0          0          0          0          0          0          0          0          0          0          0          0          0          0          0          0          0          0          0          0          0          0          0          0          0          0          0          0          0          0          0          0          0          0          0          0   Posted-interrupt wakeup event
